COUNT ID
-         4
AL        1
AU        2
BE        5
CA        8
CN        7
CO        1
DE        9
FI        2
FR       33
GB       22
HK        2
IE       20
IN        9
IR        2
KR        7
LT       10
MA        4
MN        2
NL        7
PL        1
RO       11
RU       71
SG       42
US      232
VN        4
---
COUNT STATUS
200      200
301       71
304        3
400        8
403      107
404      129
---
COUNT ID STATUS
   200 301 304 400 403 404
-    0   0   0   4   0   0
AL   0   0   0   0   1   0
AU   0   0   0   0   0   2
BE   3   2   0   0   0   0
CA   4   0   0   0   0   4
CN   0   3   0   0   4   0
CO   1   0   0   0   0   0
DE   7   0   0   0   0   2
FI   1   0   0   0   0   1
FR  15   2   0   0   0  16
GB   5   7   0   0   1   9
HK   2   0   0   0   0   0
IE   2  10   0   0   0   8
IN   3   0   0   0   0   6
IR   0   1   0   0   1   0
KR   3   0   0   0   0   4
LT   7   3   0   0   0   0
MA   2   0   0   0   0   2
MN   0   0   0   0   0   2
NL   1   1   0   3   0   2
PL   1   0   0   0   0   0
RO   0   0   0   0   0  11
RU   0   0   0   0  71   0
SG   0  14   0   0  28   0
US 141  28   3   1   1  58
VN   2   0   0   0   0   2
---
SUM BYTES
   200    301    304    400    403    404   
-       0      0      0    904      0      0
AL      0      0      0      0    199      0
AU      0      0      0      0      0    392
BE  12192    492      0      0      0      0
CA  18090      0      0      0      0    784
CN      0    697      0      0    199      0
CO    136      0      0      0      0      0
DE  24879      0      0      0      0    392
FI   4776      0      0      0      0    196
FR   3207    511      0      0      0   3136
GB  77932   1804      0      0    199   1764
HK   9406      0      0      0      0      0
IE   6406   2527      0      0      0   1568
IN    408      0      0      0      0   1176
IR      0    244      0      0    199      0
KR   4975      0      0      0      0    784
LT  23290    709      0      0      0      0
MA    272      0      0      0      0    392
MN      0      0      0      0      0    392
NL   4776    256      0   1086      0    392
PL    136      0      0      0      0      0
RO      0      0      0      0      0   2156
RU      0      0      0      0   9154      0
SG      0   3536      0      0   5174      0
US 824810   6898      0    362    199  11368
VN   4912      0      0      0      0    392
---
AVG BYTES
   200       301       304       400       403       404      
-       0.00      0.00      0.00    226.00      0.00      0.00
AL      0.00      0.00      0.00      0.00    199.00      0.00
AU      0.00      0.00      0.00      0.00      0.00    196.00
BE   4064.00    246.00      0.00      0.00      0.00      0.00
CA   4522.50      0.00      0.00      0.00      0.00    196.00
CN      0.00    232.33      0.00      0.00     49.75      0.00
CO    136.00      0.00      0.00      0.00      0.00      0.00
DE   3554.14      0.00      0.00      0.00      0.00    196.00
FI   4776.00      0.00      0.00      0.00      0.00    196.00
FR    213.80    255.50      0.00      0.00      0.00    196.00
GB  15586.40    257.71      0.00      0.00    199.00    196.00
HK   4703.00      0.00      0.00      0.00      0.00      0.00
IE   3203.00    252.70      0.00      0.00      0.00    196.00
IN    136.00      0.00      0.00      0.00      0.00    196.00
IR      0.00    244.00      0.00      0.00    199.00      0.00
KR   1658.33      0.00      0.00      0.00      0.00    196.00
LT   3327.14    236.33      0.00      0.00      0.00      0.00
MA    136.00      0.00      0.00      0.00      0.00    196.00
MN      0.00      0.00      0.00      0.00      0.00    196.00
NL   4776.00    256.00      0.00    362.00      0.00    196.00
PL    136.00      0.00      0.00      0.00      0.00      0.00
RO      0.00      0.00      0.00      0.00      0.00    196.00
RU      0.00      0.00      0.00      0.00    128.93      0.00
SG      0.00    252.57      0.00      0.00    184.79      0.00
US   5849.72    246.36      0.00    362.00    199.00    196.00
VN   2456.00      0.00      0.00      0.00      0.00    196.00
---
MIN BYTES
   200  301  304  400  403  404 
-     0    0    0  226    0    0
AL    0    0    0    0  199    0
AU    0    0    0    0    0  196
BE 3203  244    0    0    0    0
CA 1506    0    0    0    0  196
CN    0  232    0    0    0    0
CO  136    0    0    0    0    0
DE  136    0    0    0    0  196
FI 4776    0    0    0    0  196
FR  136  254    0    0    0  196
GB  136  242    0    0  199  196
HK 4703    0    0    0    0    0
IE 3203  233    0    0    0  196
IN  136    0    0    0    0  196
IR    0  244    0    0  199    0
KR  136    0    0    0    0  196
LT  136  232    0    0    0    0
MA  136    0    0    0    0  196
MN    0    0    0    0    0  196
NL 4776  256    0  362    0  196
PL  136    0    0    0    0    0
RO    0    0    0    0    0  196
RU    0    0    0    0    0    0
SG    0  233    0    0    0    0
US  136  232    0  362  199  196
VN  136    0    0    0    0  196
---
MAX BYTES
   200    301    304    400    403    404   
-       0      0      0    226      0      0
AL      0      0      0      0    199      0
AU      0      0      0      0      0    196
BE   4703    248      0      0      0      0
CA   7178      0      0      0      0    196
CN      0    233      0      0    199      0
CO    136      0      0      0      0      0
DE  13097      0      0      0      0    196
FI   4776      0      0      0      0    196
FR    525    257      0      0      0    196
GB  66671    270      0      0    199    196
HK   4703      0      0      0      0      0
IE   3203    268      0      0      0    196
IN    136      0      0      0      0    196
IR      0    244      0      0    199      0
KR   4703      0      0      0      0    196
LT   9747    244      0      0      0      0
MA    136      0      0      0      0    196
MN      0      0      0      0      0    196
NL   4776    256      0    362      0    196
PL    136      0      0      0      0      0
RO      0      0      0      0      0    196
RU      0      0      0      0    199      0
SG      0    268      0      0    199      0
US 242305    260      0    362    199    196
VN   4776      0      0      0      0    196
---
The following ADDR reports are truncated ...
COUNT ADDR
103.153.77.81          4
104.198.172.68         2
105.159.15.160         2
108.50.159.172         1
109.252.53.101        27
111.118.21.122         2
114.119.128.236        1
114.119.130.57         2
114.119.130.97         1
---
SUM BYTES
103.153.77.81           5304
104.198.172.68           456
105.159.15.160           332
108.50.159.172           136
109.252.53.101          2786
111.118.21.122          4839
114.119.128.236          199
114.119.130.57           453
114.119.130.97           199
---
AVG BYTES
103.153.77.81        1326.00
104.198.172.68        228.00
105.159.15.160        166.00
108.50.159.172        136.00
109.252.53.101        103.19
111.118.21.122       2419.50
114.119.128.236       199.00
114.119.130.57        226.50
114.119.130.97        199.00
---
MIN BYTES
103.153.77.81            136
104.198.172.68           196
105.159.15.160           136
108.50.159.172           136
109.252.53.101             0
111.118.21.122           136
114.119.128.236          199
114.119.130.57           199
114.119.130.97           199
---
MAX BYTES
103.153.77.81           4776
104.198.172.68           260
105.159.15.160           196
108.50.159.172           136
109.252.53.101           199
111.118.21.122          4703
114.119.128.236          199
114.119.130.57           254
114.119.130.97           199
